======================================================================
ACCOUNTS IN HOUSEHOLDS.CSV BUT NOT IN DATABASE
======================================================================
Total: 207 accounts
Generated: 11/7/2025, 4:59:55 PM
======================================================================

   1. 10632192
   2. 10910556
   3. 12159137
   4. 12419777
   5. 13209790
   6. 13446004
   7. 13812233
   8. 14304350
   9. 14945749
  10. 15028753
  11. 15356312
  12. 15682823
  13. 16495968
  14. 17046640
  15. 17755093
  16. 18574009
  17. 18670809
  18. 19030113
  19. 21396803
  20. 22061457
  21. 22235994
  22. 22385460
  23. 22557606
  24. 23202073
  25. 23439989
  26. 23577113
  27. 23748370
  28. 23947528
  29. 24278774
  30. 24293900
  31. 24414483
  32. 25214259
  33. 25272571
  34. 25368387
  35. 25935608
  36. 26846064
  37. 27557266
  38. 27739666
  39. 28349277
  40. 28762779
  41. 28891139
  42. 29099392
  43. 29752920
  44. 29833295
  45. 31347349
  46. 31385205
  47. 31986287
  48. 32441213
  49. 32512208
  50. 32592956
  51. 33277011
  52. 33524550
  53. 33941837
  54. 33983581
  55. 34247434
  56. 34336809
  57. 34633927
  58. 34690288
  59. 35406116
  60. 35428583
  61. 35541999
  62. 35737293
  63. 35870761
  64. 36390725
  65. 37181928
  66. 37500293
  67. 38007239
  68. 38010375
  69. 38172016
  70. 38240728
  71. 40491540
  72. 41088922
  73. 41429106
  74. 41704546
  75. 42003258
  76. 45444682
  77. 45486635
  78. 46031492
  79. 46916016
  80. 46950783
  81. 47602887
  82. 47890811
  83. 48937760
  84. 48985851
  85. 49899028
  86. 50666388
  87. 51410094
  88. 51696342
  89. 51698859
  90. 51721485
  91. 52500409
  92. 53386483
  93. 53576822
  94. 54054127
  95. 54460368
  96. 54769272
  97. 57011556
  98. 57069761
  99. 57267098
 100. 58111435
 101. 58625538
 102. 58877477
 103. 58888081
 104. 59661449
 105. 60034830
 106. 60063567
 107. 60607900
 108. 60729482
 109. 61700158
 110. 61712255
 111. 61771315
 112. 62141441
 113. 62972615
 114. 63969859
 115. 63973745
 116. 64297207
 117. 64518199
 118. 64549778
 119. 65016316
 120. 65796895
 121. 66087515
 122. 66607933
 123. 66662267
 124. 66741572
 125. 66868781
 126. 68263709
 127. 68281766
 128. 68642150
 129. 69031712
 130. 69428373
 131. 69663320
 132. 69666045
 133. 70110942
 134. 70191459
 135. 70558622
 136. 71080332
 137. 71215312
 138. 71809216
 139. 72167254
 140. 73325177
 141. 73359742
 142. 74107384
 143. 74365737
 144. 74536752
 145. 74730948
 146. 75240327
 147. 75413496
 148. 76128124
 149. 76455705
 150. 76455856
 151. 77419218
 152. 77565201
 153. 77806266
 154. 78183692
 155. 78287716
 156. 78667214
 157. 78725796
 158. 78946745
 159. 79130788
 160. 79858178
 161. 80114097
 162. 80135561
 163. 81184186
 164. 81358016
 165. 81770781
 166. 82209240
 167. 82647568
 168. 82733692
 169. 83301448
 170. 83574772
 171. 84592504
 172. 85096136
 173. 85440490
 174. 85555571
 175. 85645455
 176. 85935473
 177. 86446236
 178. 86492385
 179. 86531125
 180. 86877185
 181. 87451894
 182. 87719919
 183. 88726347
 184. 88831998
 185. 89766626
 186. 90157859
 187. 90361842
 188. 90677191
 189. 90737096
 190. 91033696
 191. 91256224
 192. 91476369
 193. 91549507
 194. 91928394
 195. 92876999
 196. 93690656
 197. 94114041
 198. 94785901
 199. 95565296
 200. 95811011
 201. 96130362
 202. 96366363
 203. 96969006
 204. 97675167
 205. 98234654
 206. 98478565
 207. 98507127

======================================================================